[gd_scene load_steps=6 format=3 uid="uid://dgnfxb6oelmsk"]

[ext_resource type="PackedScene" uid="uid://baa8xjawtu2xc" path="res://swat_guy_with_anim.tscn" id="1_ilx26"]
[ext_resource type="Script" path="res://swat_guy.gd" id="2_xh80k"]

[sub_resource type="ProceduralSkyMaterial" id="ProceduralSkyMaterial_rqlmg"]
sky_top_color = Color(1, 1, 1, 1)
sky_horizon_color = Color(0.885248, 0.885248, 0.885248, 1)
ground_bottom_color = Color(0.54099, 0.54099, 0.54099, 1)
ground_horizon_color = Color(0.885248, 0.885248, 0.885248, 1)

[sub_resource type="Sky" id="Sky_fx2dq"]
sky_material = SubResource("ProceduralSkyMaterial_rqlmg")

[sub_resource type="Environment" id="Environment_d1qrn"]
background_mode = 2
sky = SubResource("Sky_fx2dq")
tonemap_mode = 2

[node name="police_raid" type="Node3D"]

[node name="WorldEnvironment" type="WorldEnvironment" parent="."]
environment = SubResource("Environment_d1qrn")

[node name="CSGBox3D" type="CSGBox3D" parent="."]
use_collision = true
size = Vector3(1000, 0, 1000)

[node name="SWAT_GUY_WITH_ANIM" parent="." instance=ExtResource("1_ilx26")]
transform = Transform3D(0.1, 0, 0, 0, 0.1, 0, 0, 0, 0.1, 0, 6.01554, 0)
script = ExtResource("2_xh80k")

[node name="Physical Bone mixamorigHips" parent="SWAT_GUY_WITH_ANIM/Node2/Skeleton3D" index="2"]
transform = Transform3D(-0.768306, 0.640939, -0.018923, -0.0247691, -0.0587405, -0.997974, -0.642211, -0.765345, 0.0607469, 0.0994044, 97.3908, -0.319843)
joint_offset = Transform3D(1, 0, 0, 0, 1, 0, 0, 0, 1, 1.74558e-05, -6.9499e-05, 4.68051)
body_offset = Transform3D(-1.00167, -0.000515282, -8.81143e-05, -0.000152215, 0.168491, -0.985703, -4.13358e-05, -0.985706, -0.168491, 0.000429869, 4.6136, 0.788555)

[node name="Physical Bone mixamorigSpine" parent="SWAT_GUY_WITH_ANIM/Node2/Skeleton3D" index="3"]
transform = Transform3D(0.766222, -0.640871, -0.046556, 0.0219552, 0.0985231, -0.994858, 0.642175, 0.761295, 0.089557, 0.566294, 110.147, -1.33196)
joint_offset = Transform3D(1, 0, 0, 0, 1, 0, 0, 0, 1, -2.26854e-06, 4.07217e-06, 8.12769)
body_offset = Transform3D(0.999983, -4.44055e-06, -3.00631e-06, 3.42727e-07, 7.7486e-07, -0.999965, 2.83122e-06, 0.999996, -1.49012e-07, 2.67029e-05, 8.12741, -2.86102e-06)

[node name="Physical Bone mixamorigSpine1" parent="SWAT_GUY_WITH_ANIM/Node2/Skeleton3D" index="4"]
transform = Transform3D(0.76669, -0.637854, 0.0729973, 0.00875384, -0.103303, -0.99461, 0.641958, 0.763198, -0.0736184, 0.444564, 125.045, -1.55555)
joint_offset = Transform3D(1, 0, 0, 0, 1, 0, 0, 0, 1, 1.21571e-05, -0.000116355, 6.84956)
body_offset = Transform3D(1, 6.85453e-07, -3.12924e-07, -7.07805e-08, 1.2815e-06, -0.999998, 0, 1, 2.79397e-07, -1.00136e-05, 6.84955, 0.000114441)

[node name="Physical Bone mixamorigSpine2" parent="SWAT_GUY_WITH_ANIM/Node2/Skeleton3D" index="5"]
transform = Transform3D(0.768593, -0.111796, -0.629893, -0.00392729, 0.983763, -0.179428, 0.639725, 0.140398, 0.755673, -0.0556671, 131.861, -1.05103)
joint_offset = Transform3D(1, 0, 0, 0, 1, 0, 0, 0, 1, 2.86232e-06, -0.00120544, -8.77385e-05)
body_offset = Transform3D(0.999999, 1.05053e-06, 2.68221e-07, 2.57865e-05, 1, -7.45058e-08, -4.35114e-06, -4.09782e-07, 1, -2.86102e-06, 0.00120544, 8.7738e-05)

[node name="Physical Bone mixamorigNeck" parent="SWAT_GUY_WITH_ANIM/Node2/Skeleton3D" index="6"]
transform = Transform3D(0.831236, -0.311095, -0.460724, 0.0703447, 0.88096, -0.467935, 0.551452, 0.356555, 0.754169, -1.68173, 146.169, 0.991026)
joint_offset = Transform3D(1, 0, 0, 0, 1, 0, 0, 0, 1, -1.04897e-05, -0.000671386, -3.81473e-05)
body_offset = Transform3D(1, 1.01328e-06, 3.8743e-07, 2.98023e-08, 1, -1.78814e-07, 2.08616e-07, -5.36442e-07, 1, 1.04904e-05, 0.000671387, 3.8147e-05)

[node name="Physical Bone mixamorigNeck1" parent="SWAT_GUY_WITH_ANIM/Node2/Skeleton3D" index="7"]
transform = Transform3D(-0.831236, 0.385727, 0.400327, -0.0703447, 0.641347, -0.764021, -0.551452, -0.663242, -0.505977, -4.28267, 151.131, 4.27882)
joint_offset = Transform3D(1, 0, 0, 0, 1, 0, 0, 0, 1, 0.000138807, -0.000299633, 2.0588)
body_offset = Transform3D(-1, -4.17233e-07, -2.08616e-07, -2.98023e-08, 0.20852, -0.978019, -2.08616e-07, -0.978019, -0.20852, 0.000139236, 2.01361, 0.429008)

[node name="Physical Bone mixamorigHead" parent="SWAT_GUY_WITH_ANIM/Node2/Skeleton3D" index="8"]
transform = Transform3D(0.882604, -0.154403, 0.444038, 0.384498, -0.306393, -0.870796, 0.270504, 0.939299, -0.211056, -9.93536, 162.173, 7.61492)
joint_offset = Transform3D(1, 0, 0, 0, 1, 0, 0, 0, 1, -0.000125001, 0.00067246, 10.8745)
body_offset = Transform3D(1, 2.98023e-08, -4.32134e-07, 1.49012e-08, 7.45058e-08, -1, 2.98023e-08, 1, 9.53674e-07, 0.0001297, 10.8745, -0.000682831)

[node name="Physical Bone mixamorigLeftShoulder" parent="SWAT_GUY_WITH_ANIM/Node2/Skeleton3D" index="9"]
transform = Transform3D(0.583985, -0.156793, -0.79702, -0.160997, -0.984061, 0.0758705, -0.795639, 0.0840403, -0.600336, 8.78951, 142.144, 7.72203)
joint_offset = Transform3D(1, 0, 0, 0, 1, 0, 0, 0, 1, 5.68602e-05, 0.000918015, 6.24492)
body_offset = Transform3D(1, 4.69387e-07, -1.21593e-05, 5.96046e-08, -7.93487e-07, -1.0007, 0, 1.00001, -0.000147004, 1.90735e-05, 6.24929, 0)

[node name="Physical Bone mixamorigLeftArm" parent="SWAT_GUY_WITH_ANIM/Node2/Skeleton3D" index="10"]
transform = Transform3D(0.539806, -0.827303, 0.155494, -0.771054, -0.411821, 0.485674, -0.337764, -0.382065, -0.860199, 11.6142, 134.948, 23.3798)
joint_offset = Transform3D(1, 0, 0, 0, 1, 0, 0, 0, 1, 0.000780674, 0.000350952, 13.8436)
body_offset = Transform3D(1, 5.96046e-08, -1.78814e-07, -6.25849e-07, -5.96046e-07, -1, 6.70552e-07, 1, 0, -0.000778198, 13.8436, -0.000350952)

[node name="Physical Bone mixamorigLeftForeArm" parent="SWAT_GUY_WITH_ANIM/Node2/Skeleton3D" index="11"]
transform = Transform3D(0.0870135, -0.827303, 0.554927, -0.765762, -0.411821, -0.493386, 0.636782, -0.382064, -0.669796, 1.72867, 135.1, 44.6222)
joint_offset = Transform3D(1, 0, 0, 0, 1, 0, 0, 0, 1, 0.000125843, 0.000749856, 13.9365)
body_offset = Transform3D(0.999727, -2.38419e-07, -2.68221e-07, 0.000411242, 2.68221e-07, -1, 7.90656e-05, 1, -1.2517e-06, -0.00012207, 13.9365, -0.000732422)

[node name="Physical Bone mixamorigLeftHand" parent="SWAT_GUY_WITH_ANIM/Node2/Skeleton3D" index="12"]
transform = Transform3D(0.00696504, 0.416844, 0.90895, 0.997184, -0.0708513, 0.0248537, 0.0747597, 0.906207, -0.416161, -10.9001, 141.844, 56.1983)
joint_offset = Transform3D(1, 0, 0, 0, 1, 0, 0, 0, 1, -0.000954702, -0.000268711, 5.38435)
body_offset = Transform3D(-0.0474133, -0.910742, -0.410236, 2.23517e-07, 0.410695, -0.91177, 0.998882, -0.0432302, -0.0194698, 2.20856, 4.9094, 0.105774)

[node name="Physical Bone mixamorigLeftHandPinky1" parent="SWAT_GUY_WITH_ANIM/Node2/Skeleton3D" index="13"]
transform = Transform3D(-0.696732, 0.699002, 0.161126, 0.12488, 0.339383, -0.932321, -0.706378, -0.629457, -0.32375, -16.0923, 143.423, 59.0348)
joint_offset = Transform3D(1, 0, 0, 0, 1, 0, 0, 0, 1, -7.1239e-07, 6.8966e-05, 1.83876)
body_offset = Transform3D(1, -2.98023e-08, 3.8743e-07, -5.96046e-08, -3.72529e-07, -0.999999, -1.49012e-07, 1, -1.63913e-07, 0, 1.83876, -6.86646e-05)

[node name="Physical Bone mixamorigLeftHandPinky2" parent="SWAT_GUY_WITH_ANIM/Node2/Skeleton3D" index="14"]
transform = Transform3D(-0.71785, 0.491983, -0.49113, 0.0191012, -0.688043, -0.715164, -0.695804, -0.523764, 0.484163, -15.6967, 146.15, 58.944)
joint_offset = Transform3D(1, 0, 0, 0, 1, 0, 0, 0, 1, -0.00278282, 0.00249418, 1.41494)
body_offset = Transform3D(0.999908, -0.00186858, 0.00201434, -8.9407e-07, 0.00169247, -0.993517, -6.55651e-06, 0.994873, -0.00147334, -6.29425e-05, 1.40576, -0.000396729)

[node name="Physical Bone mixamorigLeftHandPinky3" parent="SWAT_GUY_WITH_ANIM/Node2/Skeleton3D" index="15"]
transform = Transform3D(-0.7314, 0.360481, -0.578857, 0.00328136, -0.846975, -0.531618, -0.681906, -0.390742, 0.618305, -14.5239, 147.604, 57.7449)
joint_offset = Transform3D(1, 0, 0, 0, 1, 0, 0, 0, 1, 0.00045585, -0.00013688, 0.830035)
body_offset = Transform3D(0.999976, -3.96371e-06, 6.91414e-06, 1.01328e-06, -2.33948e-06, -0.999997, 1.81496e-05, 0.999996, -5.51343e-07, -0.000461578, 0.830032, 0.000137329)

[node name="Physical Bone mixamorigLeftHandThumb1" parent="SWAT_GUY_WITH_ANIM/Node2/Skeleton3D" index="16"]
transform = Transform3D(-0.888488, 0.268767, 0.371958, 0.117678, 0.916881, -0.38142, -0.443555, -0.295115, -0.846266, -6.67687, 144.089, 59.323)
joint_offset = Transform3D(1, 0, 0, 0, 1, 0, 0, 0, 1, 5.7355e-05, 1.53597e-05, 2.25778)
body_offset = Transform3D(1, -9.68575e-07, -5.96046e-08, -8.04663e-07, 3.42727e-07, -1, 1.05798e-06, 0.999999, -4.47035e-08, -5.72205e-05, 2.25778, -1.52588e-05)

[node name="Physical Bone mixamorigLeftHandThumb2" parent="SWAT_GUY_WITH_ANIM/Node2/Skeleton3D" index="17"]
transform = Transform3D(-0.875865, -0.482017, -0.0227672, -0.242266, 0.398371, 0.884646, -0.417332, 0.780359, -0.465694, -7.45674, 142.659, 62.4381)
joint_offset = Transform3D(1, 0, 0, 0, 1, 0, 0, 0, 1, 0.000448919, 9.13787e-05, 2.58911)
body_offset = Transform3D(0.999999, 2.98023e-08, -2.89977e-05, 4.17233e-07, 1, -1.76132e-05, 8.9407e-08, 5.96046e-08, 0.999994, -0.00037384, -4.57764e-05, -2.5891)

[node name="Physical Bone mixamorigLeftHandThumb3" parent="SWAT_GUY_WITH_ANIM/Node2/Skeleton3D" index="18"]
transform = Transform3D(-0.948442, -0.311695, -0.0560685, -0.189924, 0.417294, 0.88849, -0.253736, 0.852778, -0.455452, -9.93657, 145.811, 65.8904)
joint_offset = Transform3D(1, 0, 0, 0, 1, 0, 0, 0, 1, 5.80297e-05, -0.000486867, 1.35337)
body_offset = Transform3D(0.999997, -9.34303e-06, -3.41982e-06, -4.91738e-07, 0.999259, -1.3113e-06, 9.68575e-08, -0.00016132, 0.999997, -5.34058e-05, 0.000488281, -1.35336)

[node name="Physical Bone mixamorigLeftHandIndex1" parent="SWAT_GUY_WITH_ANIM/Node2/Skeleton3D" index="19"]
transform = Transform3D(-0.70621, 0.402581, 0.582407, 0.0145439, 0.830612, -0.556665, -0.707853, -0.384725, -0.592391, -12.8365, 143.193, 65.0038)
joint_offset = Transform3D(1, 0, 0, 0, 1, 0, 0, 0, 1, 0.000208155, -0.00141958, 2.77374)
body_offset = Transform3D(1, 2.98023e-07, 5.96046e-07, 7.23898e-05, -1.49012e-08, -1, 0.000101864, 1, 1.78814e-07, -0.000209808, 2.77374, 0.00141907)

[node name="Physical Bone mixamorigLeftHandIndex2" parent="SWAT_GUY_WITH_ANIM/Node2/Skeleton3D" index="20"]
transform = Transform3D(-0.671527, 0.74097, 0.00350671, -0.0774141, -0.0654504, -0.994846, -0.736923, -0.668341, 0.101313, -14.4596, 146.423, 66.4768)
joint_offset = Transform3D(1, 0, 0, 0, 1, 0, 0, 0, 1, 0.000175375, 3.08332e-05, 1.69512)
body_offset = Transform3D(0.999998, 0, 5.96046e-08, -5.43892e-07, 0, -0.999997, 8.04663e-07, 1, -1.86265e-07, -0.000175476, 1.69511, -3.05176e-05)

[node name="Physical Bone mixamorigLeftHandIndex3" parent="SWAT_GUY_WITH_ANIM/Node2/Skeleton3D" index="21"]
transform = Transform3D(-0.677143, 0.271473, 0.683627, -0.118088, 0.8767, -0.465701, -0.725137, -0.396304, -0.561866, -15.2637, 148.654, 66.9612)
joint_offset = Transform3D(1, 0, 0, 0, 1, 0, 0, 0, 1, 0.00028994, -6.9188e-05, 1.16773)
body_offset = Transform3D(0.999145, -5.06639e-06, -1.28746e-05, 2.5779e-05, 0.999679, -1.91778e-05, -0.000477344, -4.85778e-06, 0.999959, -0.000274658, 9.15527e-05, -1.16768)

[node name="Physical Bone mixamorigLeftHandMiddle1" parent="SWAT_GUY_WITH_ANIM/Node2/Skeleton3D" index="22"]
transform = Transform3D(-0.686083, 0.555429, 0.469882, 0.00499676, 0.649448, -0.76039, -0.727506, -0.519343, -0.44835, -14.2653, 143.636, 63.1406)
joint_offset = Transform3D(1, 0, 0, 0, 1, 0, 0, 0, 1, -0.000220907, 1.48704e-05, 2.89589)
body_offset = Transform3D(1, -1.49012e-07, -1.19209e-07, 1.78814e-07, -2.08616e-07, -1, 0, 1, 1.3411e-07, 0.000221252, 2.89589, -1.52588e-05)

[node name="Physical Bone mixamorigLeftHandMiddle2" parent="SWAT_GUY_WITH_ANIM/Node2/Skeleton3D" index="23"]
transform = Transform3D(-0.671147, 0.240689, 0.701164, -0.103601, 0.906091, -0.410201, -0.734049, -0.347949, -0.583185, -16.9277, 146.599, 65.522)
joint_offset = Transform3D(1, 0, 0, 0, 1, 0, 0, 0, 1, 7.25896e-05, 0.000168068, 1.85652)
body_offset = Transform3D(1, 1.57952e-06, -5.96046e-08, -1.19209e-07, 1, -1.19209e-07, 2.98023e-08, 1.74344e-06, 1, -7.24792e-05, -0.000167847, -1.85652)

[node name="Physical Bone mixamorigLeftHandMiddle3" parent="SWAT_GUY_WITH_ANIM/Node2/Skeleton3D" index="24"]
transform = Transform3D(-0.681809, 0.422574, 0.597134, -0.129954, 0.73333, -0.667337, -0.719895, -0.532597, -0.445076, -15.5543, 150.121, 63.7597)
joint_offset = Transform3D(1, 0, 0, 0, 1, 0, 0, 0, 1, -9.15527e-05, -0.00012972, 1.3765)
body_offset = Transform3D(1, 1.78814e-07, 0, -1.78814e-07, 1, 1.49012e-08, 0, 8.34465e-07, 1, 9.15527e-05, 0.0001297, -1.3765)

[node name="Physical Bone mixamorigLeftHandRing1" parent="SWAT_GUY_WITH_ANIM/Node2/Skeleton3D" index="25"]
transform = Transform3D(-0.683591, 0.624996, 0.377249, 0.0130026, 0.527539, -0.849437, -0.72978, -0.575403, -0.369013, -15.5108, 143.822, 61.1376)
joint_offset = Transform3D(1, 0, 0, 0, 1, 0, 0, 0, 1, -0.000394729, -0.000239008, 2.72271)
body_offset = Transform3D(1.00002, 8.64267e-07, 2.77162e-06, -0.000367105, -2.83122e-07, -1.00001, -0.000464916, 1, -5.51343e-07, 0.000387192, 2.72275, 0.000240326)

[node name="Physical Bone mixamorigLeftHandRing2" parent="SWAT_GUY_WITH_ANIM/Node2/Skeleton3D" index="26"]
transform = Transform3D(-0.685868, 0.601133, -0.410149, -0.106118, -0.640198, -0.760849, -0.719948, -0.47832, 0.502879, -15.7757, 147.547, 61.2089)
joint_offset = Transform3D(1, 0, 0, 0, 1, 0, 0, 0, 1, 0.000266365, -0.000327656, 1.85684)
body_offset = Transform3D(1, 1.01328e-06, 3.57628e-07, -2.68221e-07, 8.9407e-07, -1, 3.09944e-06, 1, 3.8892e-06, -0.000267029, 1.85684, 0.000320435)

[node name="Physical Bone mixamorigLeftHandRing3" parent="SWAT_GUY_WITH_ANIM/Node2/Skeleton3D" index="27"]
transform = Transform3D(-0.70949, 0.370508, -0.599438, -0.133336, -0.905847, -0.402073, -0.691957, -0.205344, 0.692107, -14.3312, 149.418, 59.4863)
joint_offset = Transform3D(1, 0, 0, 0, 1, 0, 0, 0, 1, 0.000168971, 0.000335693, 1.14032)
body_offset = Transform3D(0.999979, 1.19209e-06, -9.83477e-07, 7.7486e-07, 5.36442e-07, -1, -1.71363e-06, 1, 0, -0.000167847, 1.14032, -0.000335693)

[node name="Physical Bone mixamorigRightShoulder" parent="SWAT_GUY_WITH_ANIM/Node2/Skeleton3D" index="28"]
transform = Transform3D(-0.815541, -0.206489, 0.540588, 0.234905, -0.971856, -0.0168444, 0.528861, 0.113254, 0.841096, -9.00841, 142.771, -9.14402)
joint_offset = Transform3D(1, 0, 0, 0, 1, 0, 0, 0, 1, 0.000714136, 0.000440165, 6.25137)
body_offset = Transform3D(0.999991, 1.94833e-06, -5.00679e-06, 7.45058e-07, 5.88596e-07, -0.999981, -1.2666e-07, 0.999984, 2.81632e-06, -0.000682831, 6.25125, -0.000457764)

[node name="Physical Bone mixamorigRightArm" parent="SWAT_GUY_WITH_ANIM/Node2/Skeleton3D" index="29"]
transform = Transform3D(0.37495, 0.717221, 0.58738, 0.335635, -0.695652, 0.635161, 0.864154, -0.0410196, -0.501554, -20.6405, 134.083, -7.41211)
joint_offset = Transform3D(1, 0, 0, 0, 1, 0, 0, 0, 1, 0.00518883, 0.0883323, 13.9376)
body_offset = Transform3D(1, -9.58145e-06, 0, -6.85453e-07, -4.29153e-06, -1, -1.52737e-07, 1.00001, -1.86265e-09, -0.00518799, 13.9376, -0.0883331)

[node name="Physical Bone mixamorigRightForeArm" parent="SWAT_GUY_WITH_ANIM/Node2/Skeleton3D" index="30"]
transform = Transform3D(0.525944, 0.717211, -0.457149, 0.578981, -0.695643, -0.425277, -0.623028, -0.040459, -0.781124, -22.2802, 131.217, 10.3711)
joint_offset = Transform3D(1, 0, 0, 0, 1, 0, 0, 0, 1, -0.000198243, 0.000351377, 13.9369)
body_offset = Transform3D(1, -0.000344308, 0, 0, 0.000428069, -1, 9.31323e-09, 0.999973, -2.98023e-08, 0.000198364, 13.9369, -0.000350952)

[node name="Physical Bone mixamorigRightHand" parent="SWAT_GUY_WITH_ANIM/Node2/Skeleton3D" index="31"]
transform = Transform3D(-0.988311, -0.125735, -0.0862816, -0.14646, 0.940228, 0.307445, 0.0424681, 0.316486, -0.947647, -15.4461, 135.495, 26.3407)
joint_offset = Transform3D(1, 0, 0, 0, 1, 0, 0, 0, 1, -4.38914e-05, -0.00033826, 5.36366)
body_offset = Transform3D(-0.0485729, 0.911626, 0.408142, 1.78814e-07, 0.408624, -0.912704, -0.998826, -0.0443328, -0.0198481, -2.18883, 4.89557, 0.1064)

[node name="Physical Bone mixamorigRightHandPinky1" parent="SWAT_GUY_WITH_ANIM/Node2/Skeleton3D" index="32"]
transform = Transform3D(-0.169058, 0.388972, -0.905604, 0.984794, 0.0293802, -0.171223, -0.039993, -0.920777, -0.388025, -13.3287, 134.157, 32.1323)
joint_offset = Transform3D(1, 0, 0, 0, 1, 0, 0, 0, 1, 0.00152588, -0.000177001, 1.82668)
body_offset = Transform3D(0.999999, 2.42144e-07, 1.86265e-09, 7.46921e-07, 1.49012e-07, -1, -1.08406e-06, 0.999996, -2.08616e-07, -0.00152588, 1.82668, 0.000177383)

[node name="Physical Bone mixamorigRightHandPinky2" parent="SWAT_GUY_WITH_ANIM/Node2/Skeleton3D" index="33"]
transform = Transform3D(-0.0677056, -0.855011, -0.514172, 0.994989, -0.0958239, 0.0283254, -0.0734883, -0.50968, 0.85722, -10.9599, 134.431, 31.6488)
joint_offset = Transform3D(1, 0, 0, 0, 1, 0, 0, 0, 1, 0.00132741, 7.99832e-05, 1.39087)
body_offset = Transform3D(0.999994, 0, 8.19564e-08, -8.19564e-08, 0, -1, 8.12113e-07, 1, 8.9407e-08, -0.00132751, 1.39087, -8.01086e-05)

[node name="Physical Bone mixamorigRightHandPinky3" parent="SWAT_GUY_WITH_ANIM/Node2/Skeleton3D" index="34"]
transform = Transform3D(-0.0658379, -0.877939, 0.474223, 0.985875, 0.0161125, 0.166704, -0.154, 0.478499, 0.864478, -10.6271, 134.259, 29.7593)
joint_offset = Transform3D(1, 0, 0, 0, 1, 0, 0, 0, 1, -0.00089878, -7.42422e-05, 0.805977)
body_offset = Transform3D(1, -2.77907e-06, -1.84774e-06, 5.51343e-07, 1.01328e-06, -1, 4.32134e-07, 0.999999, -1.78814e-07, 0.000900269, 0.805977, 7.43866e-05)

[node name="Physical Bone mixamorigRightHandRing1" parent="SWAT_GUY_WITH_ANIM/Node2/Skeleton3D" index="35"]
transform = Transform3D(-0.158373, 0.508269, -0.846511, 0.985969, 0.0356071, -0.163085, -0.0527495, -0.860462, -0.506777, -13.2031, 136.323, 33.1982)
joint_offset = Transform3D(1, 0, 0, 0, 1, 0, 0, 0, 1, 0.00160229, -7.4789e-05, 2.70076)
body_offset = Transform3D(1, 2.12342e-07, -4.47035e-08, -3.72529e-09, -4.76837e-07, -1, 0, 1, 1.49012e-07, -0.00160217, 2.70076, 7.43866e-05)

[node name="Physical Bone mixamorigRightHandRing2" parent="SWAT_GUY_WITH_ANIM/Node2/Skeleton3D" index="36"]
transform = Transform3D(-0.0413425, -0.928139, -0.36993, 0.994787, -0.0727415, 0.0713287, -0.0931114, -0.365056, 0.926316, -10.2901, 136.645, 32.9959)
joint_offset = Transform3D(1, 0, 0, 0, 1, 0, 0, 0, 1, -0.000259238, 2.18775e-05, 1.69575)
body_offset = Transform3D(0.99999, 2.23517e-08, -9.68575e-08, -2.08616e-07, 8.9407e-08, -0.999998, 7.07805e-08, 1, 5.96046e-07, 0.000259399, 1.69575, -2.28882e-05)

[node name="Physical Bone mixamorigRightHandRing3" parent="SWAT_GUY_WITH_ANIM/Node2/Skeleton3D" index="37"]
transform = Transform3D(-0.0453923, -0.878529, 0.47554, 0.985802, 0.0376468, 0.16363, -0.16166, 0.476225, 0.864342, -10.2226, 136.332, 30.4073)
joint_offset = Transform3D(1, 0, 0, 0, 1, 0, 0, 0, 1, -0.00105291, 8.24399e-05, 1.17727)
body_offset = Transform3D(1, 3.50177e-07, 4.47035e-08, 8.52346e-06, -6.04987e-06, -1, 3.56883e-06, 1.00001, -3.57628e-07, 0.00105286, 1.17727, -8.2016e-05)

[node name="Physical Bone mixamorigRightHandMiddle1" parent="SWAT_GUY_WITH_ANIM/Node2/Skeleton3D" index="38"]
transform = Transform3D(-0.0388132, 0.594239, -0.803392, 0.998979, 0.0413497, -0.0176224, 0.0228189, -0.803375, -0.595207, -13.3578, 138.31, 33.6464)
joint_offset = Transform3D(1, 0, 0, 0, 1, 0, 0, 0, 1, 0.000272083, 0.000178389, 2.80814)
body_offset = Transform3D(0.999993, -4.15184e-06, 6.35162e-06, 1.06301e-05, -3.94583e-05, -1.00001, -8.47727e-05, 1.00012, -3.57628e-07, -0.000289917, 2.80816, -0.000177383)

[node name="Physical Bone mixamorigRightHandMiddle2" parent="SWAT_GUY_WITH_ANIM/Node2/Skeleton3D" index="39"]
transform = Transform3D(0.0876503, -0.957415, -0.27509, 0.995999, 0.0786575, 0.0435601, -0.0200673, -0.277793, 0.960429, -10.5868, 138.283, 33.5237)
joint_offset = Transform3D(1, 0, 0, 0, 1, 0, 0, 0, 1, -0.00457756, 0.000260344, 1.86815)
body_offset = Transform3D(1.00005, 1.24797e-07, 8.19564e-08, -8.47504e-07, -1.13249e-06, -0.999998, -4.86616e-07, 0.999999, -5.06639e-07, 0.00457764, 1.86815, -0.000259399)

[node name="Physical Bone mixamorigRightHandMiddle3" parent="SWAT_GUY_WITH_ANIM/Node2/Skeleton3D" index="40"]
transform = Transform3D(0.0906764, -0.994632, 0.05024, 0.994794, 0.0928225, 0.0420252, -0.046462, 0.0461587, 0.997853, -10.1409, 138.141, 30.3866)
joint_offset = Transform3D(1, 0, 0, 0, 1, 0, 0, 0, 1, -3.03984e-05, 0.000200578, 1.34572)
body_offset = Transform3D(0.999997, 5.05731e-06, -8.9407e-08, 5.96046e-08, 9.86457e-06, -1, -1.28057e-07, 1.00002, -2.30968e-07, 3.05176e-05, 1.34572, -0.000200272)

[node name="Physical Bone mixamorigRightHandIndex1" parent="SWAT_GUY_WITH_ANIM/Node2/Skeleton3D" index="41"]
transform = Transform3D(-0.118539, 0.964227, -0.237083, 0.984549, 0.0831497, -0.154092, -0.128868, -0.251686, -0.959185, -15.0406, 140.937, 34.1167)
joint_offset = Transform3D(1, 0, 0, 0, 1, 0, 0, 0, 1, -0.00122055, 7.3934e-05, 2.68857)
body_offset = Transform3D(0.999998, 2.04891e-07, -5.96046e-08, -5.43892e-07, -1.63913e-07, -0.999994, 3.7998e-07, 0.999997, -1.07288e-06, 0.0012207, 2.68855, -7.10487e-05)

[node name="Physical Bone mixamorigRightHandIndex2" parent="SWAT_GUY_WITH_ANIM/Node2/Skeleton3D" index="42"]
transform = Transform3D(-0.0953537, 0.679644, -0.727318, 0.991402, -0.000933269, -0.130848, -0.089609, -0.733541, -0.673712, -13.172, 141.572, 37.8358)
joint_offset = Transform3D(1, 0, 0, 0, 1, 0, 0, 0, 1, -0.000763154, 8.81416e-05, 1.69276)
body_offset = Transform3D(1, 2.23517e-08, 1.2666e-07, -2.98023e-08, -2.38419e-07, -1, 0, 1, -2.38419e-07, 0.000762939, 1.69276, -8.7738e-05)

[node name="Physical Bone mixamorigRightHandIndex3" parent="SWAT_GUY_WITH_ANIM/Node2/Skeleton3D" index="43"]
transform = Transform3D(-0.0585727, 0.228242, -0.971841, 0.995994, -0.0550763, -0.0729563, -0.0701884, -0.972044, -0.22406, -10.7923, 141.88, 39.2411)
joint_offset = Transform3D(1, 0, 0, 0, 1, 0, 0, 0, 1, -0.000990553, 0.000142026, 1.18179)
body_offset = Transform3D(1.00018, -4.47035e-08, -9.22009e-07, 1.3452e-05, -1.49012e-08, -1, 1.85519e-06, 0.999999, -7.45058e-07, 0.000991821, 1.18178, -0.000141144)

[node name="Physical Bone mixamorigRightHandThumb1" parent="SWAT_GUY_WITH_ANIM/Node2/Skeleton3D" index="44"]
transform = Transform3D(-0.259661, 0.738063, -0.622813, 0.900862, -0.0471744, -0.431529, -0.347883, -0.673141, -0.652599, -13.4219, 140.809, 25.0161)
joint_offset = Transform3D(1, 0, 0, 0, 1, 0, 0, 0, 1, -0.000442575, 6.90002e-05, 2.27149)
body_offset = Transform3D(0.999999, 3.09348e-05, 2.98023e-08, 1.49012e-07, 2.68817e-05, -0.999999, -7.45058e-08, 1.00004, -1.49012e-07, 0.000442505, 2.27149, -6.86646e-05)

[node name="Physical Bone mixamorigRightHandThumb2" parent="SWAT_GUY_WITH_ANIM/Node2/Skeleton3D" index="45"]
transform = Transform3D(0.287566, 0.429193, 0.856222, 0.93402, 0.0720821, -0.349842, -0.211861, 0.900332, -0.380152, -14.1875, 142.68, 27.4665)
joint_offset = Transform3D(1, 0, 0, 0, 1, 0, 0, 0, 1, -0.000466764, -9.59895e-05, 2.5466)
body_offset = Transform3D(0.999986, -1.3411e-07, 3.53158e-06, 2.32458e-06, 1, 4.73857e-06, -3.1963e-06, -2.38419e-07, 1.00001, 0.000457764, 8.39233e-05, -2.54662)

[node name="Physical Bone mixamorigRightHandThumb3" parent="SWAT_GUY_WITH_ANIM/Node2/Skeleton3D" index="46"]
transform = Transform3D(0.338247, 0.852987, 0.397494, 0.741142, -0.501752, 0.446042, 0.579911, 0.143728, -0.801901, -10.3479, 141.564, 32.148)
joint_offset = Transform3D(1, 0, 0, 0, 1, 0, 0, 0, 1, -0.000320119, -0.000549336, 1.3265)
body_offset = Transform3D(1, -4.32134e-07, -2.38419e-07, 0, 8.04663e-07, -1, 7.45058e-09, 1, 1.49012e-08, 0.000320435, 1.3265, 0.000549316)

[node name="Physical Bone mixamorigLeftUpLeg" parent="SWAT_GUY_WITH_ANIM/Node2/Skeleton3D" index="47"]
transform = Transform3D(-0.982743, 0.138241, -0.12289, -0.0594346, 0.393142, 0.917548, 0.175158, 0.909026, -0.37814, 9.55168, 70.6071, 14.6557)
joint_offset = Transform3D(1, 0, 0, 0, 1, 0, 0, 0, 1, 6.71893e-05, 0.000148993, 20.8828)
body_offset = Transform3D(0.999998, 4.02331e-07, 2.5332e-07, -8.34465e-07, -2.98023e-08, -0.999993, 4.76837e-07, 1, -9.23872e-07, -7.24792e-05, 20.8826, -0.0001297)

[node name="Physical Bone mixamorigLeftLeg" parent="SWAT_GUY_WITH_ANIM/Node2/Skeleton3D" index="48"]
transform = Transform3D(-0.981719, 0.185415, -0.0429992, -0.0481326, -0.0232665, 0.998562, 0.18415, 0.982385, 0.0317682, 12.9608, 31.8739, 21.93)
joint_offset = Transform3D(1, 0, 0, 0, 1, 0, 0, 0, 1, 3.53271e-05, -5.98994e-05, 19.5999)
body_offset = Transform3D(1, -3.72529e-07, -5.07571e-08, 5.12227e-08, 3.72529e-09, -0.999992, 4.32134e-07, 1, 2.76417e-06, -3.43323e-05, 19.5997, 5.72205e-06)

[node name="Physical Bone mixamorigLeftFoot" parent="SWAT_GUY_WITH_ANIM/Node2/Skeleton3D" index="49"]
transform = Transform3D(-0.978388, 0.17886, -0.103752, 0.0150406, 0.562016, 0.826994, 0.206229, 0.807556, -0.552552, 14.568, 6.20984, 25.3785)
joint_offset = Transform3D(1, 0, 0, 0, 1, 0, 0, 0, 1, 2.2796e-06, -0.00024066, 7.36736)
body_offset = Transform3D(1, -1.49012e-07, -3.93391e-06, 1.3411e-07, 5.06639e-07, -0.999998, 2.23517e-07, 1, 1.0401e-05, 2.67029e-05, 7.36735, 0.000164032)

[node name="Physical Bone mixamorigLeftToeBase" parent="SWAT_GUY_WITH_ANIM/Node2/Skeleton3D" index="50"]
transform = Transform3D(-0.981092, 0.0218506, -0.192298, 0.018826, 0.999759, 0.0175245, 0.192619, 0.0135795, -0.981177, 15.9731, 0.052002, 32.7193)
joint_offset = Transform3D(1, 0, 0, 0, 1, 0, 0, 0, 1, -2.0816e-05, 0.00637737, 3.33275)
body_offset = Transform3D(0.999999, 2.12854e-06, -6.25849e-07, 7.30157e-07, 5.53671e-06, -0.999997, -2.46987e-06, 1.00009, 6.98492e-08, 2.28882e-05, 3.33274, -0.00637817)

[node name="Physical Bone mixamorigRightUpLeg" parent="SWAT_GUY_WITH_ANIM/Node2/Skeleton3D" index="51"]
transform = Transform3D(-0.809073, -0.569211, 0.146303, 0.0868644, 0.130379, 0.987645, -0.581255, 0.811789, -0.056037, -10.8485, 68.6715, -4.42399)
joint_offset = Transform3D(1, 0, 0, 0, 1, 0, 0, 0, 1, 9.90163e-05, -4.33484e-05, 20.8829)
body_offset = Transform3D(1, 5.96046e-07, -5.83753e-06, 8.60542e-07, 6.70552e-08, -0.999993, 1.49012e-06, 1, 9.79751e-07, 2.28882e-05, 20.8828, 2.28882e-05)

[node name="Physical Bone mixamorigRightLeg" parent="SWAT_GUY_WITH_ANIM/Node2/Skeleton3D" index="52"]
transform = Transform3D(-0.803292, -0.558318, -0.20727, 0.0707181, -0.435063, 0.897559, -0.591247, 0.706397, 0.388964, -9.84092, 30.4536, -10.8778)
joint_offset = Transform3D(1, 0, 0, 0, 1, 0, 0, 0, 1, -9.90045e-06, 0.000187273, 19.6007)
body_offset = Transform3D(0.999926, -2.98023e-07, -7.59959e-07, 1.19209e-06, -8.9407e-08, -0.999933, 7.05719e-05, 0.999998, -8.9705e-06, 2.47955e-05, 19.5994, -1.14441e-05)

[node name="Physical Bone mixamorigRightFoot" parent="SWAT_GUY_WITH_ANIM/Node2/Skeleton3D" index="53"]
transform = Transform3D(-0.589423, -0.663114, 0.46137, 0.0150396, 0.562019, 0.826987, -0.807688, 0.494383, -0.321294, -9.17707, 6.76771, -16.135)
joint_offset = Transform3D(1, 0, 0, 0, 1, 0, 0, 0, 1, 8.74061e-06, 0.000121192, 7.36736)
body_offset = Transform3D(1, -4.17233e-07, 6.25849e-07, 5.06639e-07, 6.25849e-07, -1, 9.53674e-07, 1, 1.19209e-07, -1.33514e-05, 7.36736, -0.00012207)

[node name="Physical Bone mixamorigRightToeBase" parent="SWAT_GUY_WITH_ANIM/Node2/Skeleton3D" index="54"]
transform = Transform3D(-0.60054, -0.0245217, 0.799219, -0.0179945, 0.999556, 0.017143, -0.799392, -0.00409567, -0.600795, -15.2452, 0.617588, -11.7616)
joint_offset = Transform3D(1, 0, 0, 0, 1, 0, 0, 0, 1, -4.21607e-05, -1.16958e-08, 3.33924)
body_offset = Transform3D(1, 1.44218e-05, 5.96046e-08, 0, 2.20886e-06, -1, -7.59494e-07, 0.999865, 3.49246e-09, 4.19617e-05, 3.33924, 0)

[editable path="SWAT_GUY_WITH_ANIM"]
[editable path="SWAT_GUY_WITH_ANIM/Node2/Head/Camera3D/Scar"]
